GNSS Locations for ALL the Earthquakes
st_name	lat	lon	elv	samp_rate	gain	unit
0001	45.4030	141.7504	0.0	1.00	1.000000e+04	counts/cm
0002	44.4337	143.2242	0.0	1.00	1.000000e+04	counts/cm
0003	44.3980	141.7563	0.0	1.00	1.000000e+04	counts/cm
0004	43.9157	144.6758	0.0	1.00	1.000000e+04	counts/cm
0005	43.5079	144.4490	0.0	1.00	1.000000e+04	counts/cm
0007	43.5897	142.4825	0.0	1.00	1.000000e+04	counts/cm
0008	43.8540	141.5104	0.0	1.00	1.000000e+04	counts/cm
0009	43.0701	145.1296	0.0	1.00	1.000000e+04	counts/cm
0010	42.9633	144.4319	0.0	1.00	1.000000e+04	counts/cm
0011	43.0286	143.4592	0.0	1.00	1.000000e+04	counts/cm
0012	42.9805	142.4020	0.0	1.00	1.000000e+04	counts/cm
0013	43.1779	141.0309	0.0	1.00	1.000000e+04	counts/cm
0014	42.9833	141.7307	0.0	1.00	1.000000e+04	counts/cm
0015	42.3216	143.3310	0.0	1.00	1.000000e+04	counts/cm
0016	42.3569	142.3646	0.0	1.00	1.000000e+04	counts/cm
0017	42.4507	139.8577	0.0	1.00	1.000000e+04	counts/cm
0018	42.3742	140.9424	0.0	1.00	1.000000e+04	counts/cm
0019	42.0059	143.1565	0.0	1.00	1.000000e+04	counts/cm
0020	42.1535	139.5196	0.0	1.00	1.000000e+04	counts/cm
0021	42.0081	140.1073	0.0	1.00	1.000000e+04	counts/cm
0022	41.8261	140.7478	0.0	1.00	1.000000e+04	counts/cm
0023	41.4664	140.0407	0.0	1.00	1.000000e+04	counts/cm
0024	41.3008	141.2133	0.0	1.00	1.000000e+04	counts/cm
0026	40.7790	140.2730	0.0	1.00	1.000000e+04	counts/cm
0027	40.1334	141.7891	0.0	1.00	1.000000e+04	counts/cm
0028	39.5724	141.9400	0.0	1.00	1.000000e+04	counts/cm
0029	39.1106	141.2040	0.0	1.00	1.000000e+04	counts/cm
0030	39.9679	139.7762	0.0	1.00	1.000000e+04	counts/cm
0031	39.3987	140.0482	0.0	1.00	1.000000e+04	counts/cm
0032	38.8946	139.8089	0.0	1.00	1.000000e+04	counts/cm
0033	38.7586	140.3188	0.0	1.00	1.000000e+04	counts/cm
0035	38.3310	140.3661	0.0	1.00	1.000000e+04	counts/cm
0036	38.4492	141.4412	0.0	1.00	1.000000e+04	counts/cm
0037	38.3175	140.9542	0.0	1.00	1.000000e+04	counts/cm
0038	37.8007	140.9081	0.0	1.00	1.000000e+04	counts/cm
0040	37.6437	139.7915	0.0	1.00	1.000000e+04	counts/cm
0041	37.0907	140.9025	0.0	1.00	1.000000e+04	counts/cm
0042	36.5399	140.6119	0.0	1.00	1.000000e+04	counts/cm
0043	36.4018	139.7264	0.0	1.00	1.000000e+04	counts/cm
0044	36.6970	138.9063	0.0	1.00	1.000000e+04	counts/cm
0045	36.2590	138.8654	0.0	1.00	1.000000e+04	counts/cm
0046	36.4998	137.8511	0.0	1.00	1.000000e+04	counts/cm
0047	35.9236	137.9438	0.0	1.00	1.000000e+04	counts/cm
0048	35.5903	138.5833	0.0	1.00	1.000000e+04	counts/cm
0049	38.2307	139.5096	0.0	1.00	1.000000e+04	counts/cm
0050	37.8965	138.9889	0.0	1.00	1.000000e+04	counts/cm
0051	37.3977	138.5744	0.0	1.00	1.000000e+04	counts/cm
0053	37.3824	136.8892	0.0	1.00	1.000000e+04	counts/cm
0054	36.6634	136.6499	0.0	1.00	1.000000e+04	counts/cm
0055	36.2312	136.1730	0.0	1.00	1.000000e+04	counts/cm
0056	35.6026	136.1058	0.0	1.00	1.000000e+04	counts/cm
0057	35.5499	135.2334	0.0	1.00	1.000000e+04	counts/cm
0058	36.1360	137.3479	0.0	1.00	1.000000e+04	counts/cm
0059	35.8005	137.2484	0.0	1.00	1.000000e+04	counts/cm
0060	35.5261	136.9000	0.0	1.00	1.000000e+04	counts/cm
0061	35.3968	137.4676	0.0	1.00	1.000000e+04	counts/cm
0064	34.7590	136.5023	0.0	1.00	1.000000e+04	counts/cm
0065	34.4654	136.8511	0.0	1.00	1.000000e+04	counts/cm
0066	34.0607	136.1984	0.0	1.00	1.000000e+04	counts/cm
0067	34.8380	135.5010	0.0	1.00	1.000000e+04	counts/cm
0068	34.3923	135.8514	0.0	1.00	1.000000e+04	counts/cm
0069	34.1577	135.2215	0.0	1.00	1.000000e+04	counts/cm
0070	33.4834	135.7644	0.0	1.00	1.000000e+04	counts/cm
0071	34.7848	134.5504	0.0	1.00	1.000000e+04	counts/cm
0074	35.4339	133.0587	0.0	1.00	1.000000e+04	counts/cm
0075	35.0028	132.2090	0.0	1.00	1.000000e+04	counts/cm
0076	34.6165	131.6104	0.0	1.00	1.000000e+04	counts/cm
0077	34.5488	133.5280	0.0	1.00	1.000000e+04	counts/cm
0078	34.3404	132.5754	0.0	1.00	1.000000e+04	counts/cm
0079	33.9966	130.9136	0.0	1.00	1.000000e+04	counts/cm
0080	34.2860	134.0239	0.0	1.00	1.000000e+04	counts/cm
0081	33.9269	134.6260	0.0	1.00	1.000000e+04	counts/cm
0082	33.3159	134.1221	0.0	1.00	1.000000e+04	counts/cm
0083	33.5292	133.5783	0.0	1.00	1.000000e+04	counts/cm
0084	33.2729	133.2418	0.0	1.00	1.000000e+04	counts/cm
0085	32.7557	132.9664	0.0	1.00	1.000000e+04	counts/cm
0086	33.4690	132.2812	0.0	1.00	1.000000e+04	counts/cm
0087	33.7307	130.4768	0.0	1.00	1.000000e+04	counts/cm
0088	33.4615	131.6914	0.0	1.00	1.000000e+04	counts/cm
0089	33.3311	130.9678	0.0	1.00	1.000000e+04	counts/cm
0090	32.9246	131.8764	0.0	1.00	1.000000e+04	counts/cm
0091	33.4761	129.8503	0.0	1.00	1.000000e+04	counts/cm
0093	32.5464	130.6456	0.0	1.00	1.000000e+04	counts/cm
0094	32.4454	131.6323	0.0	1.00	1.000000e+04	counts/cm
0095	32.0218	131.4697	0.0	1.00	1.000000e+04	counts/cm
0096	32.0132	130.1901	0.0	1.00	1.000000e+04	counts/cm
0097	31.5038	130.4665	0.0	1.00	1.000000e+04	counts/cm
0098	31.2646	130.2995	0.0	1.00	1.000000e+04	counts/cm
0099	31.2585	131.0875	0.0	1.00	1.000000e+04	counts/cm
0100	26.1448	127.7689	0.0	1.00	1.000000e+04	counts/cm
0101	45.3358	142.1697	0.0	1.00	1.000000e+04	counts/cm
0102	45.2760	141.0382	0.0	1.00	1.000000e+04	counts/cm
0103	45.0024	142.5371	0.0	1.00	1.000000e+04	counts/cm
0104	44.8925	141.7414	0.0	1.00	1.000000e+04	counts/cm
0105	44.7285	142.2652	0.0	1.00	1.000000e+04	counts/cm
0106	44.4270	141.3301	0.0	1.00	1.000000e+04	counts/cm
0107	44.2946	142.6256	0.0	1.00	1.000000e+04	counts/cm
0108	44.0639	144.0298	0.0	1.00	1.000000e+04	counts/cm
0109	44.0192	145.1861	0.0	1.00	1.000000e+04	counts/cm
0110	44.0068	142.1517	0.0	1.00	1.000000e+04	counts/cm
0111	44.0056	143.3337	0.0	1.00	1.000000e+04	counts/cm
0112	42.8945	143.9269	0.0	1.00	1.000000e+04	counts/cm
0113	43.5494	144.9870	0.0	1.00	1.000000e+04	counts/cm
0114	43.8489	143.7873	0.0	1.00	1.000000e+04	counts/cm
0115	43.6618	145.1314	0.0	1.00	1.000000e+04	counts/cm
0116	43.4087	144.7743	0.0	1.00	1.000000e+04	counts/cm
0117	43.4047	141.4312	0.0	1.00	1.000000e+04	counts/cm
0118	43.3825	145.1150	0.0	1.00	1.000000e+04	counts/cm
0119	43.3669	145.8011	0.0	1.00	1.000000e+04	counts/cm
0120	43.2926	140.5971	0.0	1.00	1.000000e+04	counts/cm
0121	43.2895	143.5624	0.0	1.00	1.000000e+04	counts/cm
0122	43.2329	144.3250	0.0	1.00	1.000000e+04	counts/cm
0123	43.2320	143.2980	0.0	1.00	1.000000e+04	counts/cm
0124	43.1206	144.1265	0.0	1.00	1.000000e+04	counts/cm
0125	43.0576	144.8430	0.0	1.00	1.000000e+04	counts/cm
0126	43.0568	140.4992	0.0	1.00	1.000000e+04	counts/cm
0127	42.9853	140.5439	0.0	1.00	1.000000e+04	counts/cm
0128	42.9714	141.2903	0.0	1.00	1.000000e+04	counts/cm
0129	42.8579	140.8833	0.0	1.00	1.000000e+04	counts/cm
0130	42.8027	140.6035	0.0	1.00	1.000000e+04	counts/cm
0131	42.7864	140.2332	0.0	1.00	1.000000e+04	counts/cm
0132	42.7294	141.8640	0.0	1.00	1.000000e+04	counts/cm
0133	42.7272	142.2958	0.0	1.00	1.000000e+04	counts/cm
0134	42.6993	143.1033	0.0	1.00	1.000000e+04	counts/cm
0135	42.6679	141.0750	0.0	1.00	1.000000e+04	counts/cm
0136	42.6555	141.6023	0.0	1.00	1.000000e+04	counts/cm
0137	42.6463	140.8257	0.0	1.00	1.000000e+04	counts/cm
0138	42.5516	143.4611	0.0	1.00	1.000000e+04	counts/cm
0139	42.5498	141.3615	0.0	1.00	1.000000e+04	counts/cm
0140	42.4944	140.3542	0.0	1.00	1.000000e+04	counts/cm
0141	42.4813	142.0602	0.0	1.00	1.000000e+04	counts/cm
0142	42.2477	142.5675	0.0	1.00	1.000000e+04	counts/cm
0143	42.2437	140.2505	0.0	1.00	1.000000e+04	counts/cm
0144	42.1309	142.9354	0.0	1.00	1.000000e+04	counts/cm
0145	42.1308	140.0039	0.0	1.00	1.000000e+04	counts/cm
0146	42.0986	140.5689	0.0	1.00	1.000000e+04	counts/cm
0147	42.0430	140.8055	0.0	1.00	1.000000e+04	counts/cm
0149	41.5990	140.3159	0.0	1.00	1.000000e+04	counts/cm
0150	41.4553	140.8805	0.0	1.00	1.000000e+04	counts/cm
0151	41.0432	140.6359	0.0	1.00	1.000000e+04	counts/cm
0152	40.9682	141.3680	0.0	1.00	1.000000e+04	counts/cm
0153	40.6251	141.1978	0.0	1.00	1.000000e+04	counts/cm
0154	40.5776	139.9281	0.0	1.00	1.000000e+04	counts/cm
0155	40.5237	140.5782	0.0	1.00	1.000000e+04	counts/cm
0156	40.5154	141.5113	0.0	1.00	1.000000e+04	counts/cm
0157	40.2911	141.0765	0.0	1.00	1.000000e+04	counts/cm
0158	40.4052	141.7131	0.0	1.00	1.000000e+04	counts/cm
0159	40.2911	141.2937	0.0	1.00	1.000000e+04	counts/cm
0160	40.0486	141.4620	0.0	1.00	1.000000e+04	counts/cm
0161	39.9806	141.2251	0.0	1.00	1.000000e+04	counts/cm
0162	39.8694	141.9506	0.0	1.00	1.000000e+04	counts/cm
0163	39.8512	141.1649	0.0	1.00	1.000000e+04	counts/cm
0164	39.8492	141.8039	0.0	1.00	1.000000e+04	counts/cm
0165	39.7011	140.9645	0.0	1.00	1.000000e+04	counts/cm
0166	39.5966	141.1721	0.0	1.00	1.000000e+04	counts/cm
0167	39.4581	141.9553	0.0	1.00	1.000000e+04	counts/cm
0169	39.3380	141.5342	0.0	1.00	1.000000e+04	counts/cm
0170	39.2535	141.7981	0.0	1.00	1.000000e+04	counts/cm
0171	39.0238	141.7399	0.0	1.00	1.000000e+04	counts/cm
0172	38.9028	141.5726	0.0	1.00	1.000000e+04	counts/cm
0173	38.8153	140.9906	0.0	1.00	1.000000e+04	counts/cm
0174	38.7489	140.8017	0.0	1.00	1.000000e+04	counts/cm
0175	38.6827	141.4494	0.0	1.00	1.000000e+04	counts/cm
0176	38.5395	141.1476	0.0	1.00	1.000000e+04	counts/cm
0177	38.4117	140.8514	0.0	1.00	1.000000e+04	counts/cm
0179	38.0297	140.8440	0.0	1.00	1.000000e+04	counts/cm
0180	37.9899	140.4426	0.0	1.00	1.000000e+04	counts/cm
0181	40.3250	140.5774	0.0	1.00	1.000000e+04	counts/cm
0182	40.2712	140.2637	0.0	1.00	1.000000e+04	counts/cm
0183	40.2154	140.7873	0.0	1.00	1.000000e+04	counts/cm
0184	40.2473	140.0487	0.0	1.00	1.000000e+04	counts/cm
0185	40.0069	140.4020	0.0	1.00	1.000000e+04	counts/cm
0186	39.9361	140.1324	0.0	1.00	1.000000e+04	counts/cm
0187	39.7492	140.5971	0.0	1.00	1.000000e+04	counts/cm
0188	39.6583	140.2342	0.0	1.00	1.000000e+04	counts/cm
0189	39.5493	140.3866	0.0	1.00	1.000000e+04	counts/cm
0190	39.3270	140.5598	0.0	1.00	1.000000e+04	counts/cm
0191	39.2061	139.9077	0.0	1.00	1.000000e+04	counts/cm
0192	39.1642	140.1620	0.0	1.00	1.000000e+04	counts/cm
0193	39.0519	140.6296	0.0	1.00	1.000000e+04	counts/cm
0194	39.1856	139.5477	0.0	1.00	1.000000e+04	counts/cm
0195	38.7597	139.9574	0.0	1.00	1.000000e+04	counts/cm
0196	38.5940	139.8318	0.0	1.00	1.000000e+04	counts/cm
0197	38.1462	139.7423	0.0	1.00	1.000000e+04	counts/cm
0198	37.9636	140.0935	0.0	1.00	1.000000e+04	counts/cm
0199	38.1975	140.0776	0.0	1.00	1.000000e+04	counts/cm
0200	37.6833	140.4665	0.0	1.00	1.000000e+04	counts/cm
0201	37.5606	140.7551	0.0	1.00	1.000000e+04	counts/cm
0202	37.5669	140.0727	0.0	1.00	1.000000e+04	counts/cm
0203	37.5337	141.0066	0.0	1.00	1.000000e+04	counts/cm
0204	37.4735	139.5286	0.0	1.00	1.000000e+04	counts/cm
0205	37.3255	140.6621	0.0	1.00	1.000000e+04	counts/cm
0206	37.3028	139.3644	0.0	1.00	1.000000e+04	counts/cm
0207	37.2815	139.5038	0.0	1.00	1.000000e+04	counts/cm
0209	37.2611	139.8714	0.0	1.00	1.000000e+04	counts/cm
0210	37.1263	140.2599	0.0	1.00	1.000000e+04	counts/cm
0211	37.0893	140.5617	0.0	1.00	1.000000e+04	counts/cm
0212	36.8621	140.4133	0.0	1.00	1.000000e+04	counts/cm
0213	36.6506	140.2934	0.0	1.00	1.000000e+04	counts/cm
0214	36.8003	140.7539	0.0	1.00	1.000000e+04	counts/cm
0215	36.3649	140.0780	0.0	1.00	1.000000e+04	counts/cm
0216	36.3444	140.4763	0.0	1.00	1.000000e+04	counts/cm
0217	36.8542	140.0393	0.0	1.00	1.000000e+04	counts/cm
0218	36.6660	139.6193	0.0	1.00	1.000000e+04	counts/cm
0219	36.5989	139.9235	0.0	1.00	1.000000e+04	counts/cm
0220	36.7697	139.2249	0.0	1.00	1.000000e+04	counts/cm
0221	36.5080	138.5527	0.0	1.00	1.000000e+04	counts/cm
0222	36.4216	139.3304	0.0	1.00	1.000000e+04	counts/cm
0223	35.9869	139.0757	0.0	1.00	1.000000e+04	counts/cm
0224	35.8960	139.7960	0.0	1.00	1.000000e+04	counts/cm
0225	35.6572	140.0481	0.0	1.00	1.000000e+04	counts/cm
0226	35.2432	140.3849	0.0	1.00	1.000000e+04	counts/cm
0227	35.0028	139.9749	0.0	1.00	1.000000e+04	counts/cm
0228	35.6637	139.6307	0.0	1.00	1.000000e+04	counts/cm
0229	35.3362	139.1626	0.0	1.00	1.000000e+04	counts/cm
0230	35.2686	139.1424	0.0	1.00	1.000000e+04	counts/cm
0231	38.4654	139.2534	0.0	1.00	1.000000e+04	counts/cm
0232	38.3193	138.5131	0.0	1.00	1.000000e+04	counts/cm
0233	38.0633	138.4717	0.0	1.00	1.000000e+04	counts/cm
0234	37.9294	139.3515	0.0	1.00	1.000000e+04	counts/cm
0235	37.8159	138.2731	0.0	1.00	1.000000e+04	counts/cm
0236	37.6859	139.4779	0.0	1.00	1.000000e+04	counts/cm
0237	37.6675	138.7805	0.0	1.00	1.000000e+04	counts/cm
0238	37.6623	139.0591	0.0	1.00	1.000000e+04	counts/cm
0239	37.4677	138.9980	0.0	1.00	1.000000e+04	counts/cm
0240	37.3113	138.7900	0.0	1.00	1.000000e+04	counts/cm
0241	37.2311	138.3336	0.0	1.00	1.000000e+04	counts/cm
0242	37.1660	138.9337	0.0	1.00	1.000000e+04	counts/cm
0243	37.1608	138.1002	0.0	1.00	1.000000e+04	counts/cm
0244	37.0791	138.6087	0.0	1.00	1.000000e+04	counts/cm
0245	37.0452	137.8739	0.0	1.00	1.000000e+04	counts/cm
0246	36.9935	138.8309	0.0	1.00	1.000000e+04	counts/cm
0247	36.8654	138.1987	0.0	1.00	1.000000e+04	counts/cm
0248	36.7406	136.9961	0.0	1.00	1.000000e+04	counts/cm
0249	36.6343	137.1952	0.0	1.00	1.000000e+04	counts/cm
0250	36.5787	137.4399	0.0	1.00	1.000000e+04	counts/cm
0251	36.4019	136.9206	0.0	1.00	1.000000e+04	counts/cm
0252	37.8505	136.9193	0.0	1.00	1.000000e+04	counts/cm
0253	37.4460	137.2701	0.0	1.00	1.000000e+04	counts/cm
0255	36.3945	136.3889	0.0	1.00	1.000000e+04	counts/cm
0256	36.1653	136.6339	0.0	1.00	1.000000e+04	counts/cm
0257	36.1456	136.2789	0.0	1.00	1.000000e+04	counts/cm
0258	35.9849	136.5049	0.0	1.00	1.000000e+04	counts/cm
0259	35.9450	135.9898	0.0	1.00	1.000000e+04	counts/cm
0260	35.7928	136.1974	0.0	1.00	1.000000e+04	counts/cm
0261	35.5344	135.9076	0.0	1.00	1.000000e+04	counts/cm
0262	35.4627	135.6089	0.0	1.00	1.000000e+04	counts/cm
0263	35.8560	138.3164	0.0	1.00	1.000000e+04	counts/cm
0264	35.7469	138.6951	0.0	1.00	1.000000e+04	counts/cm
0265	36.8017	138.4362	0.0	1.00	1.000000e+04	counts/cm
0266	36.7065	137.8723	0.0	1.00	1.000000e+04	counts/cm
0267	36.6652	138.2475	0.0	1.00	1.000000e+04	counts/cm
0268	36.3862	138.3225	0.0	1.00	1.000000e+04	counts/cm
0269	36.3460	138.6378	0.0	1.00	1.000000e+04	counts/cm
0270	36.3224	137.9028	0.0	1.00	1.000000e+04	counts/cm
0271	36.2085	138.2165	0.0	1.00	1.000000e+04	counts/cm
0272	36.1306	138.4610	0.0	1.00	1.000000e+04	counts/cm
0273	36.1211	137.9830	0.0	1.00	1.000000e+04	counts/cm
0274	35.7836	137.6963	0.0	1.00	1.000000e+04	counts/cm
0275	35.5561	138.0383	0.0	1.00	1.000000e+04	counts/cm
0276	35.5211	137.8152	0.0	1.00	1.000000e+04	counts/cm
0277	35.3171	137.9253	0.0	1.00	1.000000e+04	counts/cm
0278	35.2470	137.5877	0.0	1.00	1.000000e+04	counts/cm
0279	36.3355	137.1472	0.0	1.00	1.000000e+04	counts/cm
0280	36.0330	136.9528	0.0	1.00	1.000000e+04	counts/cm
0281	35.9735	137.5349	0.0	1.00	1.000000e+04	counts/cm
0282	35.8669	136.8632	0.0	1.00	1.000000e+04	counts/cm
0283	35.7578	136.9753	0.0	1.00	1.000000e+04	counts/cm
0284	35.6572	137.4248	0.0	1.00	1.000000e+04	counts/cm
0285	35.6362	136.4888	0.0	1.00	1.000000e+04	counts/cm
0286	35.6329	136.6114	0.0	1.00	1.000000e+04	counts/cm
0287	35.6121	137.1741	0.0	1.00	1.000000e+04	counts/cm
0288	35.4883	136.6873	0.0	1.00	1.000000e+04	counts/cm
0289	35.4787	137.1247	0.0	1.00	1.000000e+04	counts/cm
0291	35.3717	136.5497	0.0	1.00	1.000000e+04	counts/cm
0292	35.3674	137.1102	0.0	1.00	1.000000e+04	counts/cm
0293	35.2620	137.4056	0.0	1.00	1.000000e+04	counts/cm
0294	35.2279	136.5934	0.0	1.00	1.000000e+04	counts/cm
0295	35.0315	137.9804	0.0	1.00	1.000000e+04	counts/cm
0296	34.9865	138.5157	0.0	1.00	1.000000e+04	counts/cm
0297	34.8656	138.9223	0.0	1.00	1.000000e+04	counts/cm
0298	35.3348	136.9300	0.0	1.00	1.000000e+04	counts/cm
0299	35.1901	136.8288	0.0	1.00	1.000000e+04	counts/cm
0300	35.1388	137.2536	0.0	1.00	1.000000e+04	counts/cm
0301	35.0395	137.3132	0.0	1.00	1.000000e+04	counts/cm
0302	34.9950	137.0598	0.0	1.00	1.000000e+04	counts/cm
0303	34.9197	137.2999	0.0	1.00	1.000000e+04	counts/cm
0304	34.8234	136.8676	0.0	1.00	1.000000e+04	counts/cm
0305	34.7949	137.1190	0.0	1.00	1.000000e+04	counts/cm
0306	34.6487	137.2778	0.0	1.00	1.000000e+04	counts/cm
0307	34.6092	137.0681	0.0	1.00	1.000000e+04	counts/cm
0309	34.9138	136.6365	0.0	1.00	1.000000e+04	counts/cm
0310	34.7429	136.1835	0.0	1.00	1.000000e+04	counts/cm
0311	34.5470	136.5507	0.0	1.00	1.000000e+04	counts/cm
0312	34.4331	136.3343	0.0	1.00	1.000000e+04	counts/cm
0314	34.2534	136.8206	0.0	1.00	1.000000e+04	counts/cm
0315	33.8751	136.0859	0.0	1.00	1.000000e+04	counts/cm
0316	33.7413	136.0109	0.0	1.00	1.000000e+04	counts/cm
0317	35.5573	136.1979	0.0	1.00	1.000000e+04	counts/cm
0318	35.4663	136.0537	0.0	1.00	1.000000e+04	counts/cm
0319	35.3513	135.9132	0.0	1.00	1.000000e+04	counts/cm
0320	35.3190	136.0628	0.0	1.00	1.000000e+04	counts/cm
0321	35.2694	136.2356	0.0	1.00	1.000000e+04	counts/cm
0322	35.1370	135.8708	0.0	1.00	1.000000e+04	counts/cm
0323	34.9864	136.1450	0.0	1.00	1.000000e+04	counts/cm
0324	34.9396	135.9062	0.0	1.00	1.000000e+04	counts/cm
0326	34.8693	136.0548	0.0	1.00	1.000000e+04	counts/cm
0327	35.7524	135.1732	0.0	1.00	1.000000e+04	counts/cm
0328	35.5557	134.9323	0.0	1.00	1.000000e+04	counts/cm
0329	35.2923	135.1640	0.0	1.00	1.000000e+04	counts/cm
0331	35.1638	135.3669	0.0	1.00	1.000000e+04	counts/cm
0332	35.0776	135.5645	0.0	1.00	1.000000e+04	counts/cm
0333	34.9886	135.6654	0.0	1.00	1.000000e+04	counts/cm
0334	34.7470	135.8642	0.0	1.00	1.000000e+04	counts/cm
0335	34.7778	135.6855	0.0	1.00	1.000000e+04	counts/cm
0336	34.6779	135.5185	0.0	1.00	1.000000e+04	counts/cm
0337	34.5273	135.4813	0.0	1.00	1.000000e+04	counts/cm
0338	34.4791	135.6273	0.0	1.00	1.000000e+04	counts/cm
0339	34.4248	135.5869	0.0	1.00	1.000000e+04	counts/cm
0340	34.4065	135.3642	0.0	1.00	1.000000e+04	counts/cm
0341	35.4367	134.5825	0.0	1.00	1.000000e+04	counts/cm
0342	35.3149	134.8185	0.0	1.00	1.000000e+04	counts/cm
0343	35.1053	135.1819	0.0	1.00	1.000000e+04	counts/cm
0344	35.0945	134.5860	0.0	1.00	1.000000e+04	counts/cm
0345	35.0908	134.9726	0.0	1.00	1.000000e+04	counts/cm
0346	34.9976	134.4038	0.0	1.00	1.000000e+04	counts/cm
0347	34.9847	134.7673	0.0	1.00	1.000000e+04	counts/cm
0348	34.9768	135.3260	0.0	1.00	1.000000e+04	counts/cm
0349	34.9448	135.1764	0.0	1.00	1.000000e+04	counts/cm
0350	34.8973	134.5452	0.0	1.00	1.000000e+04	counts/cm
0351	34.8122	135.2159	0.0	1.00	1.000000e+04	counts/cm
0352	34.8049	134.9972	0.0	1.00	1.000000e+04	counts/cm
0353	34.7909	135.3418	0.0	1.00	1.000000e+04	counts/cm
0354	34.7870	134.8288	0.0	1.00	1.000000e+04	counts/cm
0355	34.7243	135.3804	0.0	1.00	1.000000e+04	counts/cm
0356	34.6870	135.1723	0.0	1.00	1.000000e+04	counts/cm
0357	34.6699	134.5196	0.0	1.00	1.000000e+04	counts/cm
0358	34.6697	134.9657	0.0	1.00	1.000000e+04	counts/cm
0359	34.5771	135.0241	0.0	1.00	1.000000e+04	counts/cm
0360	34.4933	134.8610	0.0	1.00	1.000000e+04	counts/cm
0361	34.3498	134.8815	0.0	1.00	1.000000e+04	counts/cm
0362	34.3343	134.7352	0.0	1.00	1.000000e+04	counts/cm
0363	34.2237	134.7365	0.0	1.00	1.000000e+04	counts/cm
0364	34.5670	136.0504	0.0	1.00	1.000000e+04	counts/cm
0365	34.5392	135.7310	0.0	1.00	1.000000e+04	counts/cm
0366	34.3883	135.7042	0.0	1.00	1.000000e+04	counts/cm
0367	34.0382	135.9637	0.0	1.00	1.000000e+04	counts/cm
0368	34.2561	135.3580	0.0	1.00	1.000000e+04	counts/cm
0369	34.2715	135.0660	0.0	1.00	1.000000e+04	counts/cm
0370	34.2218	135.5901	0.0	1.00	1.000000e+04	counts/cm
0371	33.9617	135.3849	0.0	1.00	1.000000e+04	counts/cm
0372	33.9139	135.1801	0.0	1.00	1.000000e+04	counts/cm
0373	33.8152	135.7821	0.0	1.00	1.000000e+04	counts/cm
0374	33.7855	135.5084	0.0	1.00	1.000000e+04	counts/cm
0375	33.7443	135.3962	0.0	1.00	1.000000e+04	counts/cm
0377	33.5056	135.5992	0.0	1.00	1.000000e+04	counts/cm
0378	35.4568	134.0467	0.0	1.00	1.000000e+04	counts/cm
0379	35.3455	133.4391	0.0	1.00	1.000000e+04	counts/cm
0380	35.2659	134.2374	0.0	1.00	1.000000e+04	counts/cm
0381	35.1646	133.3085	0.0	1.00	1.000000e+04	counts/cm
0382	36.2853	133.2399	0.0	1.00	1.000000e+04	counts/cm
0383	36.0932	132.9844	0.0	1.00	1.000000e+04	counts/cm
0384	35.3926	132.7432	0.0	1.00	1.000000e+04	counts/cm
0385	35.1956	132.9954	0.0	1.00	1.000000e+04	counts/cm
0386	35.1860	132.5073	0.0	1.00	1.000000e+04	counts/cm
0387	35.0198	132.7205	0.0	1.00	1.000000e+04	counts/cm
0388	34.7673	131.9231	0.0	1.00	1.000000e+04	counts/cm
0389	35.2635	133.7925	0.0	1.00	1.000000e+04	counts/cm
0390	35.0996	134.3196	0.0	1.00	1.000000e+04	counts/cm
0391	35.0209	134.2348	0.0	1.00	1.000000e+04	counts/cm
0392	35.0030	133.7345	0.0	1.00	1.000000e+04	counts/cm
0393	34.9825	133.9609	0.0	1.00	1.000000e+04	counts/cm
0394	34.8097	133.5981	0.0	1.00	1.000000e+04	counts/cm
0395	34.7914	133.9290	0.0	1.00	1.000000e+04	counts/cm
0396	34.6577	134.1658	0.0	1.00	1.000000e+04	counts/cm
0397	34.4386	133.7967	0.0	1.00	1.000000e+04	counts/cm
0398	34.9434	133.1202	0.0	1.00	1.000000e+04	counts/cm
0399	34.7269	132.2773	0.0	1.00	1.000000e+04	counts/cm
0400	34.6788	132.5402	0.0	1.00	1.000000e+04	counts/cm
0401	34.6725	133.1075	0.0	1.00	1.000000e+04	counts/cm
0402	34.5713	132.8240	0.0	1.00	1.000000e+04	counts/cm
0403	34.5392	132.4635	0.0	1.00	1.000000e+04	counts/cm
0405	34.3787	133.0098	0.0	1.00	1.000000e+04	counts/cm
0407	34.4399	131.4165	0.0	1.00	1.000000e+04	counts/cm
0408	34.2946	130.9431	0.0	1.00	1.000000e+04	counts/cm
0409	34.2837	131.5628	0.0	1.00	1.000000e+04	counts/cm
0410	34.2591	131.9533	0.0	1.00	1.000000e+04	counts/cm
0411	34.1895	131.3461	0.0	1.00	1.000000e+04	counts/cm
0412	34.0572	131.5308	0.0	1.00	1.000000e+04	counts/cm
0413	33.9777	131.2860	0.0	1.00	1.000000e+04	counts/cm
0414	33.9751	132.1044	0.0	1.00	1.000000e+04	counts/cm
0415	34.0970	134.3520	0.0	1.00	1.000000e+04	counts/cm
0416	34.0599	134.5601	0.0	1.00	1.000000e+04	counts/cm
0417	34.0515	134.0492	0.0	1.00	1.000000e+04	counts/cm
0418	34.0384	134.2302	0.0	1.00	1.000000e+04	counts/cm
0419	33.9367	133.6813	0.0	1.00	1.000000e+04	counts/cm
0420	33.8789	134.3891	0.0	1.00	1.000000e+04	counts/cm
0421	33.8775	134.0582	0.0	1.00	1.000000e+04	counts/cm
0422	33.8302	134.6678	0.0	1.00	1.000000e+04	counts/cm
0423	33.7251	134.5330	0.0	1.00	1.000000e+04	counts/cm
0424	33.6185	134.3720	0.0	1.00	1.000000e+04	counts/cm
0425	34.4724	134.3142	0.0	1.00	1.000000e+04	counts/cm
0426	34.2546	134.2420	0.0	1.00	1.000000e+04	counts/cm
0427	34.2174	133.7151	0.0	1.00	1.000000e+04	counts/cm
0428	34.0681	133.6475	0.0	1.00	1.000000e+04	counts/cm
0429	34.1642	133.9255	0.0	1.00	1.000000e+04	counts/cm
0430	34.0779	132.9902	0.0	1.00	1.000000e+04	counts/cm
0431	33.9387	133.5382	0.0	1.00	1.000000e+04	counts/cm
0432	33.9212	133.2013	0.0	1.00	1.000000e+04	counts/cm
0433	33.7965	132.9116	0.0	1.00	1.000000e+04	counts/cm
0434	33.7226	132.6840	0.0	1.00	1.000000e+04	counts/cm
0435	33.5692	132.9379	0.0	1.00	1.000000e+04	counts/cm
0436	33.4468	132.6934	0.0	1.00	1.000000e+04	counts/cm
0437	32.9639	132.5618	0.0	1.00	1.000000e+04	counts/cm
0438	33.7670	133.6558	0.0	1.00	1.000000e+04	counts/cm
0439	33.6542	133.8050	0.0	1.00	1.000000e+04	counts/cm
0440	33.6038	134.1069	0.0	1.00	1.000000e+04	counts/cm
0441	33.5278	134.2808	0.0	1.00	1.000000e+04	counts/cm
0442	33.5057	133.9036	0.0	1.00	1.000000e+04	counts/cm
0443	33.4684	133.2809	0.0	1.00	1.000000e+04	counts/cm
0444	33.4278	134.0071	0.0	1.00	1.000000e+04	counts/cm
0445	33.4077	133.4030	0.0	1.00	1.000000e+04	counts/cm
0447	33.1716	132.7927	0.0	1.00	1.000000e+04	counts/cm
0448	32.9912	132.9992	0.0	1.00	1.000000e+04	counts/cm
0449	32.8406	132.7037	0.0	1.00	1.000000e+04	counts/cm
0450	33.5361	130.2508	0.0	1.00	1.000000e+04	counts/cm
0451	33.5004	130.5220	0.0	1.00	1.000000e+04	counts/cm
0452	33.4655	130.8288	0.0	1.00	1.000000e+04	counts/cm
0453	33.2059	130.5646	0.0	1.00	1.000000e+04	counts/cm
0454	33.2749	130.2687	0.0	1.00	1.000000e+04	counts/cm
0455	33.0985	130.0942	0.0	1.00	1.000000e+04	counts/cm
0456	34.6556	129.4821	0.0	1.00	1.000000e+04	counts/cm
0457	34.2682	129.3115	0.0	1.00	1.000000e+04	counts/cm
0458	33.7427	129.7347	0.0	1.00	1.000000e+04	counts/cm
0459	33.3622	129.5370	0.0	1.00	1.000000e+04	counts/cm
0460	33.0631	129.6907	0.0	1.00	1.000000e+04	counts/cm
0461	32.8707	130.2713	0.0	1.00	1.000000e+04	counts/cm
0462	32.6694	128.8431	0.0	1.00	1.000000e+04	counts/cm
0463	32.6369	130.1546	0.0	1.00	1.000000e+04	counts/cm
0464	32.9335	130.5477	0.0	1.00	1.000000e+04	counts/cm
0465	32.8421	130.7648	0.0	1.00	1.000000e+04	counts/cm
0466	32.7406	131.0993	0.0	1.00	1.000000e+04	counts/cm
0467	32.3262	129.9873	0.0	1.00	1.000000e+04	counts/cm
0468	32.2992	130.5068	0.0	1.00	1.000000e+04	counts/cm
0469	32.2387	130.8026	0.0	1.00	1.000000e+04	counts/cm
0470	33.6712	131.5642	0.0	1.00	1.000000e+04	counts/cm
0471	33.4962	131.1689	0.0	1.00	1.000000e+04	counts/cm
0472	33.2540	131.3473	0.0	1.00	1.000000e+04	counts/cm
0473	33.2394	131.7981	0.0	1.00	1.000000e+04	counts/cm
0474	33.0090	131.2861	0.0	1.00	1.000000e+04	counts/cm
0475	32.9869	131.5878	0.0	1.00	1.000000e+04	counts/cm
0476	32.7040	131.7568	0.0	1.00	1.000000e+04	counts/cm
0477	32.6848	131.3276	0.0	1.00	1.000000e+04	counts/cm
0478	32.4566	131.1489	0.0	1.00	1.000000e+04	counts/cm
0479	32.2459	131.1852	0.0	1.00	1.000000e+04	counts/cm
0480	32.1704	131.5158	0.0	1.00	1.000000e+04	counts/cm
0481	31.9650	131.0786	0.0	1.00	1.000000e+04	counts/cm
0482	31.7403	131.0215	0.0	1.00	1.000000e+04	counts/cm
0483	31.6765	131.3689	0.0	1.00	1.000000e+04	counts/cm
0484	31.4694	131.2174	0.0	1.00	1.000000e+04	counts/cm
0485	32.0575	130.5978	0.0	1.00	1.000000e+04	counts/cm
0486	31.8555	130.7597	0.0	1.00	1.000000e+04	counts/cm
0487	31.7687	129.7954	0.0	1.00	1.000000e+04	counts/cm
0488	31.7174	130.2781	0.0	1.00	1.000000e+04	counts/cm
0489	31.6174	130.8361	0.0	1.00	1.000000e+04	counts/cm
0490	31.2352	130.6404	0.0	1.00	1.000000e+04	counts/cm
0491	31.1062	130.7231	0.0	1.00	1.000000e+04	counts/cm
0492	30.5309	130.9642	0.0	1.00	1.000000e+04	counts/cm
0493	30.3817	130.6384	0.0	1.00	1.000000e+04	counts/cm
0494	28.3991	129.4890	0.0	1.00	1.000000e+04	counts/cm
0495	27.0322	128.4323	0.0	1.00	1.000000e+04	counts/cm
0496	26.6948	127.8984	0.0	1.00	1.000000e+04	counts/cm
0497	25.8312	131.2278	0.0	1.00	1.000000e+04	counts/cm
0498	24.7531	125.3738	0.0	1.00	1.000000e+04	counts/cm
0499	24.4542	122.9428	0.0	1.00	1.000000e+04	counts/cm
0500	24.4263	123.7920	0.0	1.00	1.000000e+04	counts/cm
0501	45.1377	141.1671	0.0	1.00	1.000000e+04	counts/cm
0502	44.5820	142.9645	0.0	1.00	1.000000e+04	counts/cm
0503	44.2197	143.6157	0.0	1.00	1.000000e+04	counts/cm
0504	44.1919	143.0768	0.0	1.00	1.000000e+04	counts/cm
0505	43.9888	144.2933	0.0	1.00	1.000000e+04	counts/cm
0506	43.9084	142.5777	0.0	1.00	1.000000e+04	counts/cm
0507	43.8281	144.1153	0.0	1.00	1.000000e+04	counts/cm
0508	43.7385	142.4096	0.0	1.00	1.000000e+04	counts/cm
0509	43.7408	141.8738	0.0	1.00	1.000000e+04	counts/cm
0510	43.7714	142.9030	0.0	1.00	1.000000e+04	counts/cm
0511	43.6705	143.5782	0.0	1.00	1.000000e+04	counts/cm
0512	43.2321	145.2590	0.0	1.00	1.000000e+04	counts/cm
0513	43.4388	144.0796	0.0	1.00	1.000000e+04	counts/cm
0514	43.3363	142.3953	0.0	1.00	1.000000e+04	counts/cm
0515	43.3070	144.5977	0.0	1.00	1.000000e+04	counts/cm
0516	43.2484	141.8909	0.0	1.00	1.000000e+04	counts/cm
0517	43.2095	140.8606	0.0	1.00	1.000000e+04	counts/cm
0518	43.1655	142.8097	0.0	1.00	1.000000e+04	counts/cm
0519	43.1952	145.5205	0.0	1.00	1.000000e+04	counts/cm
0520	43.0776	141.5401	0.0	1.00	1.000000e+04	counts/cm
0521	42.9389	143.1706	0.0	1.00	1.000000e+04	counts/cm
0522	42.8844	141.5774	0.0	1.00	1.000000e+04	counts/cm
0523	42.7732	141.4071	0.0	1.00	1.000000e+04	counts/cm
0525	42.5514	140.7676	0.0	1.00	1.000000e+04	counts/cm
0526	42.4739	140.8764	0.0	1.00	1.000000e+04	counts/cm
0527	42.0605	139.4462	0.0	1.00	1.000000e+04	counts/cm
0528	42.1231	140.6669	0.0	1.00	1.000000e+04	counts/cm
0529	41.9767	140.7154	0.0	1.00	1.000000e+04	counts/cm
0530	41.8030	140.0712	0.0	1.00	1.000000e+04	counts/cm
0531	42.9826	144.7191	0.0	1.00	1.000000e+04	counts/cm
0532	42.1256	143.3157	0.0	1.00	1.000000e+04	counts/cm
0533	41.4047	141.4476	0.0	1.00	1.000000e+04	counts/cm
0534	41.1851	140.4908	0.0	1.00	1.000000e+04	counts/cm
0535	41.1455	140.8220	0.0	1.00	1.000000e+04	counts/cm
0537	40.8624	141.1318	0.0	1.00	1.000000e+04	counts/cm
0538	40.7063	140.5892	0.0	1.00	1.000000e+04	counts/cm
0539	40.6764	141.3762	0.0	1.00	1.000000e+04	counts/cm
0540	40.6243	140.4785	0.0	1.00	1.000000e+04	counts/cm
0541	40.6436	140.8034	0.0	1.00	1.000000e+04	counts/cm
0542	40.9102	140.4516	0.0	1.00	1.000000e+04	counts/cm
0543	39.9531	141.0663	0.0	1.00	1.000000e+04	counts/cm
0544	39.3513	140.7692	0.0	1.00	1.000000e+04	counts/cm
0546	39.1431	141.5755	0.0	1.00	1.000000e+04	counts/cm
0547	39.5961	141.6753	0.0	1.00	1.000000e+04	counts/cm
0548	38.5462	140.8479	0.0	1.00	1.000000e+04	counts/cm
0549	38.4250	141.2130	0.0	1.00	1.000000e+04	counts/cm
0550	38.3012	141.5007	0.0	1.00	1.000000e+04	counts/cm
0551	39.8911	139.8489	0.0	1.00	1.000000e+04	counts/cm
0552	39.8258	140.0447	0.0	1.00	1.000000e+04	counts/cm
0553	39.7027	140.7329	0.0	1.00	1.000000e+04	counts/cm
0554	39.1991	140.5067	0.0	1.00	1.000000e+04	counts/cm
0555	39.0160	139.9275	0.0	1.00	1.000000e+04	counts/cm
0556	38.4968	140.3652	0.0	1.00	1.000000e+04	counts/cm
0557	38.1481	140.2712	0.0	1.00	1.000000e+04	counts/cm
0559	37.6160	140.2057	0.0	1.00	1.000000e+04	counts/cm
0560	37.6207	140.3729	0.0	1.00	1.000000e+04	counts/cm
0561	37.4245	140.1359	0.0	1.00	1.000000e+04	counts/cm
0563	37.0972	139.5862	0.0	1.00	1.000000e+04	counts/cm
0564	38.0562	139.4617	0.0	1.00	1.000000e+04	counts/cm
0565	38.0237	138.3699	0.0	1.00	1.000000e+04	counts/cm
0566	37.5358	138.7069	0.0	1.00	1.000000e+04	counts/cm
0567	37.3485	138.5164	0.0	1.00	1.000000e+04	counts/cm
0568	37.3199	139.0203	0.0	1.00	1.000000e+04	counts/cm
0569	37.0567	138.2426	0.0	1.00	1.000000e+04	counts/cm
0570	36.9509	137.8939	0.0	1.00	1.000000e+04	counts/cm
0571	37.7521	139.0739	0.0	1.00	1.000000e+04	counts/cm
0572	36.7370	137.3695	0.0	1.00	1.000000e+04	counts/cm
0573	36.6496	137.0319	0.0	1.00	1.000000e+04	counts/cm
0574	37.3070	137.1385	0.0	1.00	1.000000e+04	counts/cm
0575	37.1567	136.7188	0.0	1.00	1.000000e+04	counts/cm
0576	37.1232	136.9961	0.0	1.00	1.000000e+04	counts/cm
0577	36.8175	136.7557	0.0	1.00	1.000000e+04	counts/cm
0578	36.3701	136.6053	0.0	1.00	1.000000e+04	counts/cm
0579	35.9689	136.1850	0.0	1.00	1.000000e+04	counts/cm
0580	35.8368	136.0560	0.0	1.00	1.000000e+04	counts/cm
0581	36.7430	140.4976	0.0	1.00	1.000000e+04	counts/cm
0582	36.3007	139.9878	0.0	1.00	1.000000e+04	counts/cm
0583	36.1148	139.9315	0.0	1.00	1.000000e+04	counts/cm
0584	36.0313	140.2025	0.0	1.00	1.000000e+04	counts/cm
0585	36.9523	140.1648	0.0	1.00	1.000000e+04	counts/cm
0586	36.9796	139.8058	0.0	1.00	1.000000e+04	counts/cm
0587	36.7764	139.8543	0.0	1.00	1.000000e+04	counts/cm
0588	36.6925	140.1577	0.0	1.00	1.000000e+04	counts/cm
0589	36.6242	139.4906	0.0	1.00	1.000000e+04	counts/cm
0590	36.5422	140.1793	0.0	1.00	1.000000e+04	counts/cm
0591	36.6163	138.5914	0.0	1.00	1.000000e+04	counts/cm
0592	36.2347	139.0666	0.0	1.00	1.000000e+04	counts/cm
0593	36.1428	138.9124	0.0	1.00	1.000000e+04	counts/cm
0594	34.7615	139.4340	0.0	1.00	1.000000e+04	counts/cm
0595	34.7376	139.3586	0.0	1.00	1.000000e+04	counts/cm
0598	34.2399	139.1376	0.0	1.00	1.000000e+04	counts/cm
0599	34.0938	139.5618	0.0	1.00	1.000000e+04	counts/cm
0600	34.0758	139.4788	0.0	1.00	1.000000e+04	counts/cm
0601	33.8841	139.6129	0.0	1.00	1.000000e+04	counts/cm
0602	32.4635	139.7646	0.0	1.00	1.000000e+04	counts/cm
0603	26.6352	142.1628	0.0	1.00	1.000000e+04	counts/cm
0606	35.6495	138.6904	0.0	1.00	1.000000e+04	counts/cm
0607	35.5119	139.0258	0.0	1.00	1.000000e+04	counts/cm
0608	36.2390	137.9846	0.0	1.00	1.000000e+04	counts/cm
0609	36.2284	137.8718	0.0	1.00	1.000000e+04	counts/cm
0610	36.2847	138.4993	0.0	1.00	1.000000e+04	counts/cm
0611	36.0847	137.6826	0.0	1.00	1.000000e+04	counts/cm
0612	36.0262	138.2145	0.0	1.00	1.000000e+04	counts/cm
0613	35.9741	138.5830	0.0	1.00	1.000000e+04	counts/cm
0614	35.8800	137.5983	0.0	1.00	1.000000e+04	counts/cm
0615	35.7263	137.9839	0.0	1.00	1.000000e+04	counts/cm
0616	35.3437	137.6764	0.0	1.00	1.000000e+04	counts/cm
0617	36.2615	136.9043	0.0	1.00	1.000000e+04	counts/cm
0618	36.2856	137.3630	0.0	1.00	1.000000e+04	counts/cm
0619	35.9116	137.2007	0.0	1.00	1.000000e+04	counts/cm
0620	34.8550	138.7765	0.0	1.00	1.000000e+04	counts/cm
0621	35.2044	138.9284	0.0	1.00	1.000000e+04	counts/cm
0622	34.6799	138.0983	0.0	1.00	1.000000e+04	counts/cm
0623	34.6778	138.1830	0.0	1.00	1.000000e+04	counts/cm
0624	34.6664	138.0465	0.0	1.00	1.000000e+04	counts/cm
0625	34.6345	138.1590	0.0	1.00	1.000000e+04	counts/cm
0626	35.0472	138.9069	0.0	1.00	1.000000e+04	counts/cm
0627	36.1036	140.0863	0.0	1.00	1.000000e+04	counts/cm
0628	34.6989	138.9393	0.0	1.00	1.000000e+04	counts/cm
0629	35.2391	137.0736	0.0	1.00	1.000000e+04	counts/cm
0630	35.1684	136.9658	0.0	1.00	1.000000e+04	counts/cm
0631	34.9844	136.8628	0.0	1.00	1.000000e+04	counts/cm
0632	34.9044	136.8319	0.0	1.00	1.000000e+04	counts/cm
0633	35.0509	136.6943	0.0	1.00	1.000000e+04	counts/cm
0634	34.8549	136.3933	0.0	1.00	1.000000e+04	counts/cm
0635	34.6487	136.3298	0.0	1.00	1.000000e+04	counts/cm
0636	34.4314	136.6284	0.0	1.00	1.000000e+04	counts/cm
0637	34.2082	136.3429	0.0	1.00	1.000000e+04	counts/cm
0638	35.4204	136.2647	0.0	1.00	1.000000e+04	counts/cm
0639	35.0857	136.0412	0.0	1.00	1.000000e+04	counts/cm
0640	35.6851	135.0340	0.0	1.00	1.000000e+04	counts/cm
0641	35.4822	135.4158	0.0	1.00	1.000000e+04	counts/cm
0642	35.2759	135.5495	0.0	1.00	1.000000e+04	counts/cm
0643	35.0531	135.7733	0.0	1.00	1.000000e+04	counts/cm
0644	34.9526	135.7724	0.0	1.00	1.000000e+04	counts/cm
0645	35.6212	134.6774	0.0	1.00	1.000000e+04	counts/cm
0646	35.4613	134.7287	0.0	1.00	1.000000e+04	counts/cm
0647	35.2379	135.0220	0.0	1.00	1.000000e+04	counts/cm
0648	35.1627	134.7712	0.0	1.00	1.000000e+04	counts/cm
0649	34.9362	134.9450	0.0	1.00	1.000000e+04	counts/cm
0650	34.3118	135.5283	0.0	1.00	1.000000e+04	counts/cm
0652	34.0254	135.1677	0.0	1.00	1.000000e+04	counts/cm
0653	33.5544	135.4962	0.0	1.00	1.000000e+04	counts/cm
0654	35.4360	133.3397	0.0	1.00	1.000000e+04	counts/cm
0655	35.3614	134.3253	0.0	1.00	1.000000e+04	counts/cm
0656	35.5635	133.1379	0.0	1.00	1.000000e+04	counts/cm
0657	34.8927	132.4573	0.0	1.00	1.000000e+04	counts/cm
0658	34.5711	132.0136	0.0	1.00	1.000000e+04	counts/cm
0659	34.4397	131.8643	0.0	1.00	1.000000e+04	counts/cm
0660	35.1697	133.5640	0.0	1.00	1.000000e+04	counts/cm
0662	34.9934	133.3963	0.0	1.00	1.000000e+04	counts/cm
0663	34.8116	132.8516	0.0	1.00	1.000000e+04	counts/cm
0664	34.7778	133.3376	0.0	1.00	1.000000e+04	counts/cm
0665	34.3703	132.1947	0.0	1.00	1.000000e+04	counts/cm
0666	34.2609	132.4555	0.0	1.00	1.000000e+04	counts/cm
0667	34.2101	132.8844	0.0	1.00	1.000000e+04	counts/cm
0668	34.7643	131.1524	0.0	1.00	1.000000e+04	counts/cm
0669	34.3421	131.1762	0.0	1.00	1.000000e+04	counts/cm
0670	34.1798	131.0657	0.0	1.00	1.000000e+04	counts/cm
0672	33.9099	132.3583	0.0	1.00	1.000000e+04	counts/cm
0673	34.1718	134.6050	0.0	1.00	1.000000e+04	counts/cm
0674	34.0397	133.8750	0.0	1.00	1.000000e+04	counts/cm
0675	33.7895	134.3015	0.0	1.00	1.000000e+04	counts/cm
0676	34.4455	133.9987	0.0	1.00	1.000000e+04	counts/cm
0677	34.3834	133.7807	0.0	1.00	1.000000e+04	counts/cm
0678	34.2524	133.1891	0.0	1.00	1.000000e+04	counts/cm
0679	33.9595	132.7817	0.0	1.00	1.000000e+04	counts/cm
0680	33.6116	132.4873	0.0	1.00	1.000000e+04	counts/cm
0681	33.1776	132.5438	0.0	1.00	1.000000e+04	counts/cm
0683	33.3269	133.2285	0.0	1.00	1.000000e+04	counts/cm
0684	33.2154	133.1286	0.0	1.00	1.000000e+04	counts/cm
0685	33.7455	130.7496	0.0	1.00	1.000000e+04	counts/cm
0686	33.6974	131.0165	0.0	1.00	1.000000e+04	counts/cm
0687	33.6405	130.8239	0.0	1.00	1.000000e+04	counts/cm
0688	33.3272	130.7012	0.0	1.00	1.000000e+04	counts/cm
0689	33.1960	129.9401	0.0	1.00	1.000000e+04	counts/cm
0690	33.2661	129.6900	0.0	1.00	1.000000e+04	counts/cm
0691	33.2558	129.1255	0.0	1.00	1.000000e+04	counts/cm
0692	32.8856	129.0263	0.0	1.00	1.000000e+04	counts/cm
0693	32.7957	130.1664	0.0	1.00	1.000000e+04	counts/cm
0694	32.7930	130.3360	0.0	1.00	1.000000e+04	counts/cm
0695	32.7123	130.2167	0.0	1.00	1.000000e+04	counts/cm
0696	32.7226	130.3523	0.0	1.00	1.000000e+04	counts/cm
0697	32.6607	130.2907	0.0	1.00	1.000000e+04	counts/cm
0698	32.6343	128.6194	0.0	1.00	1.000000e+04	counts/cm
0699	33.1220	131.0629	0.0	1.00	1.000000e+04	counts/cm
0700	33.0113	130.7486	0.0	1.00	1.000000e+04	counts/cm
0701	32.8707	130.9962	0.0	1.00	1.000000e+04	counts/cm
0702	32.5767	130.7949	0.0	1.00	1.000000e+04	counts/cm
0703	32.9507	131.0934	0.0	1.00	1.000000e+04	counts/cm
0704	32.8450	131.1321	0.0	1.00	1.000000e+04	counts/cm
0705	33.5371	131.3566	0.0	1.00	1.000000e+04	counts/cm
0706	33.3499	131.5884	0.0	1.00	1.000000e+04	counts/cm
0707	33.2703	131.1211	0.0	1.00	1.000000e+04	counts/cm
0709	33.2284	131.5795	0.0	1.00	1.000000e+04	counts/cm
0710	33.1906	130.9157	0.0	1.00	1.000000e+04	counts/cm
0711	32.5570	131.5307	0.0	1.00	1.000000e+04	counts/cm
0712	32.3844	131.3340	0.0	1.00	1.000000e+04	counts/cm
0713	32.0691	131.4860	0.0	1.00	1.000000e+04	counts/cm
0714	32.0477	130.8656	0.0	1.00	1.000000e+04	counts/cm
0715	31.8421	131.3063	0.0	1.00	1.000000e+04	counts/cm
0716	31.3991	131.3059	0.0	1.00	1.000000e+04	counts/cm
0717	32.1971	130.1797	0.0	1.00	1.000000e+04	counts/cm
0718	31.9088	130.4397	0.0	1.00	1.000000e+04	counts/cm
0719	31.6241	130.6519	0.0	1.00	1.000000e+04	counts/cm
0720	31.5918	130.7085	0.0	1.00	1.000000e+04	counts/cm
0721	31.5522	130.6374	0.0	1.00	1.000000e+04	counts/cm
0722	31.4962	130.6994	0.0	1.00	1.000000e+04	counts/cm
0723	30.7847	130.2750	0.0	1.00	1.000000e+04	counts/cm
0724	30.7533	131.0286	0.0	1.00	1.000000e+04	counts/cm
0725	30.4614	130.1982	0.0	1.00	1.000000e+04	counts/cm
0726	30.3987	130.9032	0.0	1.00	1.000000e+04	counts/cm
0727	30.3958	130.4244	0.0	1.00	1.000000e+04	counts/cm
0728	30.2364	130.5545	0.0	1.00	1.000000e+04	counts/cm
0730	28.4872	129.6936	0.0	1.00	1.000000e+04	counts/cm
0731	28.3711	130.0290	0.0	1.00	1.000000e+04	counts/cm
0732	28.2940	129.9217	0.0	1.00	1.000000e+04	counts/cm
0733	28.1376	129.3204	0.0	1.00	1.000000e+04	counts/cm
0734	27.8166	128.8945	0.0	1.00	1.000000e+04	counts/cm
0735	27.4012	128.6507	0.0	1.00	1.000000e+04	counts/cm
0736	26.9445	127.9451	0.0	1.00	1.000000e+04	counts/cm
0737	26.8593	128.2484	0.0	1.00	1.000000e+04	counts/cm
0738	26.7083	128.1440	0.0	1.00	1.000000e+04	counts/cm
0739	26.5829	127.2316	0.0	1.00	1.000000e+04	counts/cm
0740	26.4827	127.9724	0.0	1.00	1.000000e+04	counts/cm
0741	26.4469	127.8327	0.0	1.00	1.000000e+04	counts/cm
0742	26.3729	127.1436	0.0	1.00	1.000000e+04	counts/cm
0743	26.3478	126.7391	0.0	1.00	1.000000e+04	counts/cm
0744	26.1788	127.3453	0.0	1.00	1.000000e+04	counts/cm
0745	26.1686	127.8262	0.0	1.00	1.000000e+04	counts/cm
0747	24.8280	125.1710	0.0	1.00	1.000000e+04	counts/cm
0748	24.6416	124.6924	0.0	1.00	1.000000e+04	counts/cm
0749	24.5366	124.3013	0.0	1.00	1.000000e+04	counts/cm
0750	24.3389	124.1726	0.0	1.00	1.000000e+04	counts/cm
0751	24.0615	123.7958	0.0	1.00	1.000000e+04	counts/cm
0752	36.5393	139.0567	0.0	1.00	1.000000e+04	counts/cm
0753	36.0037	139.2693	0.0	1.00	1.000000e+04	counts/cm
0754	35.8840	139.1822	0.0	1.00	1.000000e+04	counts/cm
0755	35.8008	139.3660	0.0	1.00	1.000000e+04	counts/cm
0756	35.2884	140.2492	0.0	1.00	1.000000e+04	counts/cm
0758	35.6164	139.3699	0.0	1.00	1.000000e+04	counts/cm
0759	35.1609	139.6138	0.0	1.00	1.000000e+04	counts/cm
0760	34.8820	135.7898	0.0	1.00	1.000000e+04	counts/cm
0761	34.6211	135.6188	0.0	1.00	1.000000e+04	counts/cm
0762	34.8641	134.6597	0.0	1.00	1.000000e+04	counts/cm
0763	34.6983	135.7060	0.0	1.00	1.000000e+04	counts/cm
0764	34.5740	135.8199	0.0	1.00	1.000000e+04	counts/cm
0765	34.8096	134.1758	0.0	1.00	1.000000e+04	counts/cm
0766	34.5791	133.7570	0.0	1.00	1.000000e+04	counts/cm
0767	34.4504	133.2881	0.0	1.00	1.000000e+04	counts/cm
0768	34.3349	132.8202	0.0	1.00	1.000000e+04	counts/cm
0769	34.1912	132.2191	0.0	1.00	1.000000e+04	counts/cm
0770	33.3722	129.9549	0.0	1.00	1.000000e+04	counts/cm
0771	33.3465	130.4445	0.0	1.00	1.000000e+04	counts/cm
0772	32.9456	129.9897	0.0	1.00	1.000000e+04	counts/cm
0773	32.5817	130.4304	0.0	1.00	1.000000e+04	counts/cm
0774	32.5245	130.0852	0.0	1.00	1.000000e+04	counts/cm
0775	32.4263	130.3236	0.0	1.00	1.000000e+04	counts/cm
0776	31.6751	130.4695	0.0	1.00	1.000000e+04	counts/cm
0777	31.4159	130.1358	0.0	1.00	1.000000e+04	counts/cm
0778	45.2198	141.5982	0.0	1.00	1.000000e+04	counts/cm
0779	45.1268	142.3518	0.0	1.00	1.000000e+04	counts/cm
0780	44.7802	142.7179	0.0	1.00	1.000000e+04	counts/cm
0781	44.6399	141.7939	0.0	1.00	1.000000e+04	counts/cm
0782	44.3651	142.2645	0.0	1.00	1.000000e+04	counts/cm
0783	44.1488	141.6646	0.0	1.00	1.000000e+04	counts/cm
0784	43.7228	144.5064	0.0	1.00	1.000000e+04	counts/cm
0785	43.6243	141.3706	0.0	1.00	1.000000e+04	counts/cm
0788	43.1017	143.9020	0.0	1.00	1.000000e+04	counts/cm
0789	43.0137	142.8701	0.0	1.00	1.000000e+04	counts/cm
0790	42.9338	142.0846	0.0	1.00	1.000000e+04	counts/cm
0791	42.8065	143.4950	0.0	1.00	1.000000e+04	counts/cm
0792	42.4205	141.0811	0.0	1.00	1.000000e+04	counts/cm
0793	42.4864	143.1520	0.0	1.00	1.000000e+04	counts/cm
0794	41.9349	140.3712	0.0	1.00	1.000000e+04	counts/cm
0795	39.8490	141.4526	0.0	1.00	1.000000e+04	counts/cm
0796	39.1270	140.9885	0.0	1.00	1.000000e+04	counts/cm
0797	37.9844	140.6457	0.0	1.00	1.000000e+04	counts/cm
0798	40.0450	140.8229	0.0	1.00	1.000000e+04	counts/cm
0799	38.4343	140.0946	0.0	1.00	1.000000e+04	counts/cm
0800	37.0184	140.8417	0.0	1.00	1.000000e+04	counts/cm
0801	37.0369	139.4022	0.0	1.00	1.000000e+04	counts/cm
0802	36.7781	138.9448	0.0	1.00	1.000000e+04	counts/cm
0803	38.2890	140.1999	0.0	1.00	1.000000e+04	counts/cm
0804	35.4193	139.5219	0.0	1.00	1.000000e+04	counts/cm
0805	37.8282	139.2260	0.0	1.00	1.000000e+04	counts/cm
0806	37.7770	138.8804	0.0	1.00	1.000000e+04	counts/cm
0807	37.4987	138.7795	0.0	1.00	1.000000e+04	counts/cm
0809	35.6737	138.4568	0.0	1.00	1.000000e+04	counts/cm
0810	37.5897	138.9203	0.0	1.00	1.000000e+04	counts/cm
0811	35.5751	137.5288	0.0	1.00	1.000000e+04	counts/cm
0812	35.3597	136.4703	0.0	1.00	1.000000e+04	counts/cm
0813	35.1142	138.9739	0.0	1.00	1.000000e+04	counts/cm
0814	34.7195	138.8765	0.0	1.00	1.000000e+04	counts/cm
0815	35.1172	138.6100	0.0	1.00	1.000000e+04	counts/cm
0817	35.0670	138.2100	0.0	1.00	1.000000e+04	counts/cm
0818	35.0449	138.0817	0.0	1.00	1.000000e+04	counts/cm
0819	34.9021	137.9468	0.0	1.00	1.000000e+04	counts/cm
0820	34.8494	138.1767	0.0	1.00	1.000000e+04	counts/cm
0821	34.7520	137.6808	0.0	1.00	1.000000e+04	counts/cm
0822	35.3008	136.7888	0.0	1.00	1.000000e+04	counts/cm
0823	35.2833	134.5882	0.0	1.00	1.000000e+04	counts/cm
0825	33.9695	135.7352	0.0	1.00	1.000000e+04	counts/cm
0826	33.6372	135.7088	0.0	1.00	1.000000e+04	counts/cm
0827	34.2178	134.3934	0.0	1.00	1.000000e+04	counts/cm
0828	33.3680	132.0461	0.0	1.00	1.000000e+04	counts/cm
0829	33.3844	132.4753	0.0	1.00	1.000000e+04	counts/cm
0830	33.7043	133.3626	0.0	1.00	1.000000e+04	counts/cm
0831	33.0974	130.4650	0.0	1.00	1.000000e+04	counts/cm
0832	32.8396	129.7207	0.0	1.00	1.000000e+04	counts/cm
0833	33.1278	131.2068	0.0	1.00	1.000000e+04	counts/cm
0834	32.0984	130.3607	0.0	1.00	1.000000e+04	counts/cm
0835	31.9062	130.2390	0.0	1.00	1.000000e+04	counts/cm
0836	31.7960	130.4080	0.0	1.00	1.000000e+04	counts/cm
0837	31.8241	130.5996	0.0	1.00	1.000000e+04	counts/cm
0838	34.6903	138.7628	0.0	1.00	1.000000e+04	counts/cm
0840	34.8362	138.3312	0.0	1.00	1.000000e+04	counts/cm
0841	34.9498	139.0699	0.0	1.00	1.000000e+04	counts/cm
0842	34.9543	138.2499	0.0	1.00	1.000000e+04	counts/cm
0843	35.1749	134.0495	0.0	1.00	1.000000e+04	counts/cm
0844	40.8344	140.8105	0.0	1.00	1.000000e+04	counts/cm
0845	37.3618	140.3244	0.0	1.00	1.000000e+04	counts/cm
0846	33.8184	133.4618	0.0	1.00	1.000000e+04	counts/cm
0847	35.1605	137.8688	0.0	1.00	1.000000e+04	counts/cm
0848	45.5141	141.9553	0.0	1.00	1.000000e+04	counts/cm
0849	45.2301	141.8818	0.0	1.00	1.000000e+04	counts/cm
0850	44.9905	142.2923	0.0	1.00	1.000000e+04	counts/cm
0851	44.9161	142.0218	0.0	1.00	1.000000e+04	counts/cm
0852	44.7432	142.0387	0.0	1.00	1.000000e+04	counts/cm
0853	44.5465	142.5712	0.0	1.00	1.000000e+04	counts/cm
0854	44.3323	142.9358	0.0	1.00	1.000000e+04	counts/cm
0855	44.3177	141.8722	0.0	1.00	1.000000e+04	counts/cm
0856	44.2609	143.3646	0.0	1.00	1.000000e+04	counts/cm
0857	44.1655	142.4009	0.0	1.00	1.000000e+04	counts/cm
0858	44.1144	142.6012	0.0	1.00	1.000000e+04	counts/cm
0859	44.0650	144.9935	0.0	1.00	1.000000e+04	counts/cm
0860	44.0521	141.8608	0.0	1.00	1.000000e+04	counts/cm
0861	43.9099	143.5342	0.0	1.00	1.000000e+04	counts/cm
0862	43.8893	142.2365	0.0	1.00	1.000000e+04	counts/cm
0863	43.8787	143.1767	0.0	1.00	1.000000e+04	counts/cm
0864	43.7940	145.0569	0.0	1.00	1.000000e+04	counts/cm
0865	43.7257	142.1323	0.0	1.00	1.000000e+04	counts/cm
0866	43.7103	143.3811	0.0	1.00	1.000000e+04	counts/cm
0867	43.6469	142.7944	0.0	1.00	1.000000e+04	counts/cm
0868	43.6446	143.9917	0.0	1.00	1.000000e+04	counts/cm
0869	43.5560	145.2204	0.0	1.00	1.000000e+04	counts/cm
0870	43.5459	144.7190	0.0	1.00	1.000000e+04	counts/cm
0871	43.5216	142.1876	0.0	1.00	1.000000e+04	counts/cm
0872	43.5042	141.6168	0.0	1.00	1.000000e+04	counts/cm
0873	43.4736	143.7539	0.0	1.00	1.000000e+04	counts/cm
0874	43.3665	143.1870	0.0	1.00	1.000000e+04	counts/cm
0875	43.3207	140.3783	0.0	1.00	1.000000e+04	counts/cm
0876	43.2405	141.3460	0.0	1.00	1.000000e+04	counts/cm
0877	43.2209	141.6520	0.0	1.00	1.000000e+04	counts/cm
0878	43.2182	144.9707	0.0	1.00	1.000000e+04	counts/cm
0879	43.1713	143.0278	0.0	1.00	1.000000e+04	counts/cm
0880	43.1650	142.5670	0.0	1.00	1.000000e+04	counts/cm
0881	43.1494	144.4965	0.0	1.00	1.000000e+04	counts/cm
0882	43.1404	141.2033	0.0	1.00	1.000000e+04	counts/cm
0883	43.1239	143.5977	0.0	1.00	1.000000e+04	counts/cm
0884	43.0826	140.8111	0.0	1.00	1.000000e+04	counts/cm
0885	42.8906	142.5323	0.0	1.00	1.000000e+04	counts/cm
0886	42.8003	143.6555	0.0	1.00	1.000000e+04	counts/cm
0887	42.8033	142.9537	0.0	1.00	1.000000e+04	counts/cm
0888	42.6853	140.0118	0.0	1.00	1.000000e+04	counts/cm
0889	42.6740	143.3128	0.0	1.00	1.000000e+04	counts/cm
0890	42.5543	142.3959	0.0	1.00	1.000000e+04	counts/cm
0891	42.2772	142.7679	0.0	1.00	1.000000e+04	counts/cm
0892	41.7406	140.9293	0.0	1.00	1.000000e+04	counts/cm
0893	41.7113	140.5350	0.0	1.00	1.000000e+04	counts/cm
0894	41.4662	141.0945	0.0	1.00	1.000000e+04	counts/cm
0895	41.1997	140.9838	0.0	1.00	1.000000e+04	counts/cm
0896	41.1609	141.3857	0.0	1.00	1.000000e+04	counts/cm
0897	41.1217	140.2935	0.0	1.00	1.000000e+04	counts/cm
0898	40.7306	140.0110	0.0	1.00	1.000000e+04	counts/cm
0899	40.5800	141.1060	0.0	1.00	1.000000e+04	counts/cm
0901	40.5088	141.3320	0.0	1.00	1.000000e+04	counts/cm
0902	40.4476	140.9416	0.0	1.00	1.000000e+04	counts/cm
0903	40.2710	141.4849	0.0	1.00	1.000000e+04	counts/cm
0904	40.1067	141.0465	0.0	1.00	1.000000e+04	counts/cm
0905	39.9709	141.6622	0.0	1.00	1.000000e+04	counts/cm
0906	39.7389	141.9702	0.0	1.00	1.000000e+04	counts/cm
0907	39.6394	141.4261	0.0	1.00	1.000000e+04	counts/cm
0908	39.5544	140.8363	0.0	1.00	1.000000e+04	counts/cm
0909	39.4647	141.2930	0.0	1.00	1.000000e+04	counts/cm
0910	39.2354	141.3117	0.0	1.00	1.000000e+04	counts/cm
0911	39.0121	141.4009	0.0	1.00	1.000000e+04	counts/cm
0912	38.9955	141.1486	0.0	1.00	1.000000e+04	counts/cm
0913	38.9340	140.8332	0.0	1.00	1.000000e+04	counts/cm
0914	38.7432	141.3179	0.0	1.00	1.000000e+04	counts/cm
0915	38.6861	141.0044	0.0	1.00	1.000000e+04	counts/cm
0916	38.6606	141.1608	0.0	1.00	1.000000e+04	counts/cm
0917	38.5718	140.7278	0.0	1.00	1.000000e+04	counts/cm
0918	38.5098	141.3044	0.0	1.00	1.000000e+04	counts/cm
0919	38.1771	140.9437	0.0	1.00	1.000000e+04	counts/cm
0920	37.8246	140.7277	0.0	1.00	1.000000e+04	counts/cm
0921	40.3394	140.0276	0.0	1.00	1.000000e+04	counts/cm
0922	40.1833	140.4082	0.0	1.00	1.000000e+04	counts/cm
0923	40.0997	140.0055	0.0	1.00	1.000000e+04	counts/cm
0924	39.9214	140.5359	0.0	1.00	1.000000e+04	counts/cm
0925	39.5276	140.0539	0.0	1.00	1.000000e+04	counts/cm
0926	39.5081	140.5961	0.0	1.00	1.000000e+04	counts/cm
0927	39.2967	140.2789	0.0	1.00	1.000000e+04	counts/cm
0928	39.1462	140.7151	0.0	1.00	1.000000e+04	counts/cm
0929	39.0544	140.4474	0.0	1.00	1.000000e+04	counts/cm
0930	38.9381	140.1835	0.0	1.00	1.000000e+04	counts/cm
0931	38.7521	140.4973	0.0	1.00	1.000000e+04	counts/cm
0932	38.7012	139.6745	0.0	1.00	1.000000e+04	counts/cm
0933	38.6284	140.2205	0.0	1.00	1.000000e+04	counts/cm
0934	38.1704	140.3939	0.0	1.00	1.000000e+04	counts/cm
0935	37.9206	139.8794	0.0	1.00	1.000000e+04	counts/cm
0936	37.8335	140.4468	0.0	1.00	1.000000e+04	counts/cm
0937	37.6693	139.9727	0.0	1.00	1.000000e+04	counts/cm
0938	37.5911	140.5717	0.0	1.00	1.000000e+04	counts/cm
0939	37.4613	139.8355	0.0	1.00	1.000000e+04	counts/cm
0940	37.4449	140.4641	0.0	1.00	1.000000e+04	counts/cm
0941	37.3262	139.6864	0.0	1.00	1.000000e+04	counts/cm
0942	37.2930	140.2128	0.0	1.00	1.000000e+04	counts/cm
0943	37.2106	140.4510	0.0	1.00	1.000000e+04	counts/cm
0944	37.1831	140.7160	0.0	1.00	1.000000e+04	counts/cm
0945	37.0236	140.3763	0.0	1.00	1.000000e+04	counts/cm
0946	36.9326	140.6902	0.0	1.00	1.000000e+04	counts/cm
0947	36.4758	140.3857	0.0	1.00	1.000000e+04	counts/cm
0948	37.1247	140.0354	0.0	1.00	1.000000e+04	counts/cm
0949	36.8722	139.5053	0.0	1.00	1.000000e+04	counts/cm
0950	36.5376	139.7528	0.0	1.00	1.000000e+04	counts/cm
0951	36.4566	139.9025	0.0	1.00	1.000000e+04	counts/cm
0952	36.8374	139.0609	0.0	1.00	1.000000e+04	counts/cm
0954	36.5914	138.8479	0.0	1.00	1.000000e+04	counts/cm
0955	36.3953	139.0167	0.0	1.00	1.000000e+04	counts/cm
0956	36.2677	139.2546	0.0	1.00	1.000000e+04	counts/cm
0957	36.2003	138.7030	0.0	1.00	1.000000e+04	counts/cm
0958	35.9299	138.9261	0.0	1.00	1.000000e+04	counts/cm
0959	35.1438	139.9685	0.0	1.00	1.000000e+04	counts/cm
0960	35.3915	139.3661	0.0	1.00	1.000000e+04	counts/cm
0961	37.5403	139.1115	0.0	1.00	1.000000e+04	counts/cm
0962	37.2121	138.6346	0.0	1.00	1.000000e+04	counts/cm
0963	37.1576	139.2471	0.0	1.00	1.000000e+04	counts/cm
0964	37.1071	138.4574	0.0	1.00	1.000000e+04	counts/cm
0965	36.7790	140.2965	0.0	1.00	1.000000e+04	counts/cm
0966	36.9195	137.0264	0.0	1.00	1.000000e+04	counts/cm
0967	36.8643	137.5513	0.0	1.00	1.000000e+04	counts/cm
0968	36.7580	137.1545	0.0	1.00	1.000000e+04	counts/cm
0969	36.5921	136.8064	0.0	1.00	1.000000e+04	counts/cm
0970	36.4728	137.2392	0.0	1.00	1.000000e+04	counts/cm
0971	37.4323	137.0339	0.0	1.00	1.000000e+04	counts/cm
0972	37.2264	136.9088	0.0	1.00	1.000000e+04	counts/cm
0973	36.5373	136.5407	0.0	1.00	1.000000e+04	counts/cm
0974	36.2296	136.3616	0.0	1.00	1.000000e+04	counts/cm
0975	36.1097	136.0489	0.0	1.00	1.000000e+04	counts/cm
0976	35.9014	136.6577	0.0	1.00	1.000000e+04	counts/cm
0977	35.8882	136.3396	0.0	1.00	1.000000e+04	counts/cm
0978	35.4866	135.7556	0.0	1.00	1.000000e+04	counts/cm
0979	35.9049	138.4442	0.0	1.00	1.000000e+04	counts/cm
0980	35.7539	138.9500	0.0	1.00	1.000000e+04	counts/cm
0981	35.4677	138.6069	0.0	1.00	1.000000e+04	counts/cm
0982	36.8567	138.6243	0.0	1.00	1.000000e+04	counts/cm
0983	36.7066	138.0967	0.0	1.00	1.000000e+04	counts/cm
0984	36.5236	138.1209	0.0	1.00	1.000000e+04	counts/cm
0985	36.2610	138.3660	0.0	1.00	1.000000e+04	counts/cm
0986	35.9446	137.7854	0.0	1.00	1.000000e+04	counts/cm
0987	35.8784	138.0957	0.0	1.00	1.000000e+04	counts/cm
0988	35.8156	137.4509	0.0	1.00	1.000000e+04	counts/cm
0989	35.6612	137.6202	0.0	1.00	1.000000e+04	counts/cm
0990	36.1403	137.0805	0.0	1.00	1.000000e+04	counts/cm
0991	35.7235	136.7846	0.0	1.00	1.000000e+04	counts/cm
0992	35.5231	137.3091	0.0	1.00	1.000000e+04	counts/cm
0993	35.4801	136.5453	0.0	1.00	1.000000e+04	counts/cm
0994	35.3006	137.2523	0.0	1.00	1.000000e+04	counts/cm
0995	35.1000	137.5753	0.0	1.00	1.000000e+04	counts/cm
0996	34.9173	137.1524	0.0	1.00	1.000000e+04	counts/cm
0997	34.7859	137.3388	0.0	1.00	1.000000e+04	counts/cm
0998	34.7401	136.9385	0.0	1.00	1.000000e+04	counts/cm
0999	34.4203	136.4745	0.0	1.00	1.000000e+04	counts/cm
1000	33.8770	135.9283	0.0	1.00	1.000000e+04	counts/cm
1001	35.4195	135.0876	0.0	1.00	1.000000e+04	counts/cm
1002	35.3335	135.3407	0.0	1.00	1.000000e+04	counts/cm
1003	35.1552	135.6342	0.0	1.00	1.000000e+04	counts/cm
1004	34.3265	135.2199	0.0	1.00	1.000000e+04	counts/cm
1006	34.7604	134.3761	0.0	1.00	1.000000e+04	counts/cm
1007	34.7106	136.0419	0.0	1.00	1.000000e+04	counts/cm
1008	34.4939	136.1731	0.0	1.00	1.000000e+04	counts/cm
1009	34.2929	136.0026	0.0	1.00	1.000000e+04	counts/cm
1010	34.2420	135.8548	0.0	1.00	1.000000e+04	counts/cm
1011	33.9408	135.5540	0.0	1.00	1.000000e+04	counts/cm
1012	33.6688	135.8821	0.0	1.00	1.000000e+04	counts/cm
1013	33.6583	135.5338	0.0	1.00	1.000000e+04	counts/cm
1014	35.5299	134.1953	0.0	1.00	1.000000e+04	counts/cm
1015	35.5069	133.4951	0.0	1.00	1.000000e+04	counts/cm
1016	35.4932	133.8697	0.0	1.00	1.000000e+04	counts/cm
1017	35.3406	134.1559	0.0	1.00	1.000000e+04	counts/cm
1018	35.4919	132.9220	0.0	1.00	1.000000e+04	counts/cm
1019	35.3107	133.1921	0.0	1.00	1.000000e+04	counts/cm
1020	35.3097	132.9027	0.0	1.00	1.000000e+04	counts/cm
1021	35.2331	132.6690	0.0	1.00	1.000000e+04	counts/cm
1022	35.0319	132.3856	0.0	1.00	1.000000e+04	counts/cm
1023	34.8567	132.6852	0.0	1.00	1.000000e+04	counts/cm
1024	34.7779	132.1095	0.0	1.00	1.000000e+04	counts/cm
1025	34.6243	131.8103	0.0	1.00	1.000000e+04	counts/cm
1026	35.2830	133.6808	0.0	1.00	1.000000e+04	counts/cm
1027	35.1050	133.9127	0.0	1.00	1.000000e+04	counts/cm
1028	34.7381	133.8004	0.0	1.00	1.000000e+04	counts/cm
1029	34.5903	133.9726	0.0	1.00	1.000000e+04	counts/cm
1030	35.0352	132.9021	0.0	1.00	1.000000e+04	counts/cm
1031	34.6337	132.9081	0.0	1.00	1.000000e+04	counts/cm
1032	34.6122	133.3413	0.0	1.00	1.000000e+04	counts/cm
1033	34.5156	133.1402	0.0	1.00	1.000000e+04	counts/cm
1035	34.1846	132.6920	0.0	1.00	1.000000e+04	counts/cm
1036	34.0692	132.5316	0.0	1.00	1.000000e+04	counts/cm
1037	34.1953	131.7353	0.0	1.00	1.000000e+04	counts/cm
1038	34.0901	132.0527	0.0	1.00	1.000000e+04	counts/cm
1039	34.0205	131.1130	0.0	1.00	1.000000e+04	counts/cm
1040	33.8459	132.1200	0.0	1.00	1.000000e+04	counts/cm
1041	33.9937	134.4573	0.0	1.00	1.000000e+04	counts/cm
1042	33.9346	134.2112	0.0	1.00	1.000000e+04	counts/cm
1044	34.4785	134.1760	0.0	1.00	1.000000e+04	counts/cm
1045	34.3259	133.8994	0.0	1.00	1.000000e+04	counts/cm
1046	33.9742	133.3507	0.0	1.00	1.000000e+04	counts/cm
1047	33.8841	133.0474	0.0	1.00	1.000000e+04	counts/cm
1048	33.6427	132.7985	0.0	1.00	1.000000e+04	counts/cm
1049	33.3051	132.7437	0.0	1.00	1.000000e+04	counts/cm
1050	33.0961	132.6336	0.0	1.00	1.000000e+04	counts/cm
1051	33.6258	133.5310	0.0	1.00	1.000000e+04	counts/cm
1052	33.6070	133.1545	0.0	1.00	1.000000e+04	counts/cm
1053	33.4971	134.0993	0.0	1.00	1.000000e+04	counts/cm
1054	33.4167	133.0895	0.0	1.00	1.000000e+04	counts/cm
1055	33.3949	134.2055	0.0	1.00	1.000000e+04	counts/cm
1056	33.1931	132.9721	0.0	1.00	1.000000e+04	counts/cm
1058	32.9611	132.8315	0.0	1.00	1.000000e+04	counts/cm
1059	32.7386	132.5554	0.0	1.00	1.000000e+04	counts/cm
1060	33.9297	130.7224	0.0	1.00	1.000000e+04	counts/cm
1061	33.8670	130.9711	0.0	1.00	1.000000e+04	counts/cm
1062	33.6831	130.2969	0.0	1.00	1.000000e+04	counts/cm
1063	33.5798	130.6757	0.0	1.00	1.000000e+04	counts/cm
1064	33.5647	130.9954	0.0	1.00	1.000000e+04	counts/cm
1065	33.5030	130.0793	0.0	1.00	1.000000e+04	counts/cm
1066	33.2920	130.0972	0.0	1.00	1.000000e+04	counts/cm
1067	33.0734	129.8630	0.0	1.00	1.000000e+04	counts/cm
1068	32.7683	129.9589	0.0	1.00	1.000000e+04	counts/cm
1069	33.0601	130.6218	0.0	1.00	1.000000e+04	counts/cm
1070	32.9959	130.8727	0.0	1.00	1.000000e+04	counts/cm
1071	32.7092	130.7484	0.0	1.00	1.000000e+04	counts/cm
1073	32.3961	130.8273	0.0	1.00	1.000000e+04	counts/cm
1074	32.3674	130.1799	0.0	1.00	1.000000e+04	counts/cm
1075	32.3435	130.6565	0.0	1.00	1.000000e+04	counts/cm
1076	32.2924	130.9864	0.0	1.00	1.000000e+04	counts/cm
1077	33.5143	131.5212	0.0	1.00	1.000000e+04	counts/cm
1078	33.3838	131.2917	0.0	1.00	1.000000e+04	counts/cm
1079	33.0962	131.7484	0.0	1.00	1.000000e+04	counts/cm
1080	32.9364	132.0390	0.0	1.00	1.000000e+04	counts/cm
1081	32.8989	131.4415	0.0	1.00	1.000000e+04	counts/cm
1082	32.8522	131.6292	0.0	1.00	1.000000e+04	counts/cm
1083	32.5279	131.3647	0.0	1.00	1.000000e+04	counts/cm
1084	32.3162	131.5830	0.0	1.00	1.000000e+04	counts/cm
1085	32.1119	131.3475	0.0	1.00	1.000000e+04	counts/cm
1086	32.0018	131.2545	0.0	1.00	1.000000e+04	counts/cm
1087	31.8778	130.9770	0.0	1.00	1.000000e+04	counts/cm
1088	31.7860	131.4701	0.0	1.00	1.000000e+04	counts/cm
1089	31.7438	130.7357	0.0	1.00	1.000000e+04	counts/cm
1090	31.5646	130.9983	0.0	1.00	1.000000e+04	counts/cm
1091	31.4503	130.3401	0.0	1.00	1.000000e+04	counts/cm
1092	31.3772	130.5406	0.0	1.00	1.000000e+04	counts/cm
1093	31.2427	130.8671	0.0	1.00	1.000000e+04	counts/cm
1094	26.3863	127.9937	0.0	1.00	1.000000e+04	counts/cm
1095	26.3127	127.7604	0.0	1.00	1.000000e+04	counts/cm
1096	26.1946	127.6776	0.0	1.00	1.000000e+04	counts/cm
1101	35.1048	136.5038	0.0	1.00	1.000000e+04	counts/cm
1102	35.3221	138.1858	0.0	1.00	1.000000e+04	counts/cm
1103	34.9675	137.4231	0.0	1.00	1.000000e+04	counts/cm
1104	34.5439	136.9817	0.0	1.00	1.000000e+04	counts/cm
1105	34.3736	136.8020	0.0	1.00	1.000000e+04	counts/cm
1106	34.2979	136.3885	0.0	1.00	1.000000e+04	counts/cm
1107	33.9329	136.1400	0.0	1.00	1.000000e+04	counts/cm
1108	34.1558	135.7435	0.0	1.00	1.000000e+04	counts/cm
1109	34.0908	135.2903	0.0	1.00	1.000000e+04	counts/cm
1110	33.8545	135.3991	0.0	1.00	1.000000e+04	counts/cm
1111	33.7991	135.8711	0.0	1.00	1.000000e+04	counts/cm
1112	33.6473	135.4060	0.0	1.00	1.000000e+04	counts/cm
1113	33.5201	135.8341	0.0	1.00	1.000000e+04	counts/cm
1114	33.9328	134.5100	0.0	1.00	1.000000e+04	counts/cm
1115	33.8388	133.7969	0.0	1.00	1.000000e+04	counts/cm
1116	33.8220	134.4846	0.0	1.00	1.000000e+04	counts/cm
1118	33.2022	132.3604	0.0	1.00	1.000000e+04	counts/cm
1119	33.5457	133.4317	0.0	1.00	1.000000e+04	counts/cm
1120	33.5425	133.6998	0.0	1.00	1.000000e+04	counts/cm
1121	33.3674	134.0562	0.0	1.00	1.000000e+04	counts/cm
1122	33.2661	134.1781	0.0	1.00	1.000000e+04	counts/cm
1123	33.3121	132.9740	0.0	1.00	1.000000e+04	counts/cm
1124	33.0601	132.8221	0.0	1.00	1.000000e+04	counts/cm
1125	32.8695	132.9822	0.0	1.00	1.000000e+04	counts/cm
1126	32.7621	132.8107	0.0	1.00	1.000000e+04	counts/cm
1128	35.4051	136.7288	0.0	1.00	1.000000e+04	counts/cm
1129	34.6033	136.4319	0.0	1.00	1.000000e+04	counts/cm
1130	33.7476	135.5899	0.0	1.00	1.000000e+04	counts/cm
1131	33.7225	133.9409	0.0	1.00	1.000000e+04	counts/cm
1132	33.5458	133.0432	0.0	1.00	1.000000e+04	counts/cm
1133	33.0395	132.4888	0.0	1.00	1.000000e+04	counts/cm
1134	33.3910	132.9226	0.0	1.00	1.000000e+04	counts/cm
1135	35.4904	133.6996	0.0	1.00	1.000000e+04	counts/cm
1136	34.7021	137.6369	0.0	1.00	1.000000e+04	counts/cm
1137	33.0788	131.3840	0.0	1.00	1.000000e+04	counts/cm
1139	34.2851	136.5405	0.0	1.00	1.000000e+04	counts/cm
2004	31.4253	130.8786	0.0	1.00	1.000000e+04	counts/cm
2005	43.5286	141.8448	0.0	1.00	1.000000e+04	counts/cm
2106	35.0069	139.0820	0.0	1.00	1.000000e+04	counts/cm
2107	34.9719	139.1017	0.0	1.00	1.000000e+04	counts/cm
2110	36.1061	140.0872	0.0	1.00	1.000000e+04	counts/cm
3001	36.2952	139.5423	0.0	1.00	1.000000e+04	counts/cm
3002	36.2633	140.1743	0.0	1.00	1.000000e+04	counts/cm
3003	36.2037	139.8105	0.0	1.00	1.000000e+04	counts/cm
3004	36.1813	140.5445	0.0	1.00	1.000000e+04	counts/cm
3005	36.1210	139.3452	0.0	1.00	1.000000e+04	counts/cm
3006	36.0969	140.3432	0.0	1.00	1.000000e+04	counts/cm
3007	36.0872	139.6367	0.0	1.00	1.000000e+04	counts/cm
3008	36.0109	139.7999	0.0	1.00	1.000000e+04	counts/cm
3009	35.9555	140.6592	0.0	1.00	1.000000e+04	counts/cm
3010	35.9704	140.4030	0.0	1.00	1.000000e+04	counts/cm
3011	35.9255	139.4643	0.0	1.00	1.000000e+04	counts/cm
3012	35.9403	139.9927	0.0	1.00	1.000000e+04	counts/cm
3013	35.9375	139.6519	0.0	1.00	1.000000e+04	counts/cm
3014	35.8736	140.1455	0.0	1.00	1.000000e+04	counts/cm
3015	35.8033	140.4070	0.0	1.00	1.000000e+04	counts/cm
3016	35.7802	139.8128	0.0	1.00	1.000000e+04	counts/cm
3018	35.7865	140.0248	0.0	1.00	1.000000e+04	counts/cm
3019	35.7104	139.4883	0.0	1.00	1.000000e+04	counts/cm
3020	35.7175	140.3152	0.0	1.00	1.000000e+04	counts/cm
3021	35.7773	140.6468	0.0	1.00	1.000000e+04	counts/cm
3022	35.7264	140.8372	0.0	1.00	1.000000e+04	counts/cm
3023	35.6755	139.9024	0.0	1.00	1.000000e+04	counts/cm
3024	35.6424	140.4483	0.0	1.00	1.000000e+04	counts/cm
3025	35.5441	140.1866	0.0	1.00	1.000000e+04	counts/cm
3026	35.5634	139.6734	0.0	1.00	1.000000e+04	counts/cm
3027	35.5301	140.3182	0.0	1.00	1.000000e+04	counts/cm
3028	35.5214	139.4678	0.0	1.00	1.000000e+04	counts/cm
3029	35.4826	139.3226	0.0	1.00	1.000000e+04	counts/cm
3030	35.4478	140.0513	0.0	1.00	1.000000e+04	counts/cm
3031	35.4154	139.0452	0.0	1.00	1.000000e+04	counts/cm
3032	35.4365	139.6537	0.0	1.00	1.000000e+04	counts/cm
3033	35.4211	140.3374	0.0	1.00	1.000000e+04	counts/cm
3034	35.3267	139.4661	0.0	1.00	1.000000e+04	counts/cm
3035	35.3049	139.2627	0.0	1.00	1.000000e+04	counts/cm
3036	35.3117	139.8255	0.0	1.00	1.000000e+04	counts/cm
3037	35.3331	140.1468	0.0	1.00	1.000000e+04	counts/cm
3038	35.3216	138.8817	0.0	1.00	1.000000e+04	counts/cm
3039	35.1437	139.8436	0.0	1.00	1.000000e+04	counts/cm
3041	35.1659	140.2680	0.0	1.00	1.000000e+04	counts/cm
3042	35.1486	139.1104	0.0	1.00	1.000000e+04	counts/cm
3043	35.1100	138.9019	0.0	1.00	1.000000e+04	counts/cm
3044	35.1119	140.0793	0.0	1.00	1.000000e+04	counts/cm
3045	35.2548	139.9543	0.0	1.00	1.000000e+04	counts/cm
3046	35.0148	138.9979	0.0	1.00	1.000000e+04	counts/cm
3047	34.9541	139.8641	0.0	1.00	1.000000e+04	counts/cm
3048	34.9393	139.1312	0.0	1.00	1.000000e+04	counts/cm
3049	34.9161	138.9248	0.0	1.00	1.000000e+04	counts/cm
3050	34.8353	137.6723	0.0	1.00	1.000000e+04	counts/cm
3051	34.7844	139.3814	0.0	1.00	1.000000e+04	counts/cm
3052	34.7859	138.0175	0.0	1.00	1.000000e+04	counts/cm
3053	34.7513	138.9898	0.0	1.00	1.000000e+04	counts/cm
3055	34.6868	139.4332	0.0	1.00	1.000000e+04	counts/cm
3057	34.3718	139.2579	0.0	1.00	1.000000e+04	counts/cm
3058	34.2005	139.1345	0.0	1.00	1.000000e+04	counts/cm
3059	34.1211	139.5038	0.0	1.00	1.000000e+04	counts/cm
3060	34.0591	139.5472	0.0	1.00	1.000000e+04	counts/cm
3061	34.9218	139.0137	0.0	1.00	1.000000e+04	counts/cm
3062	34.8785	139.1244	0.0	1.00	1.000000e+04	counts/cm
3063	35.7238	139.2681	0.0	1.00	1.000000e+04	counts/cm
3064	35.6233	138.9759	0.0	1.00	1.000000e+04	counts/cm
3065	35.6103	139.1572	0.0	1.00	1.000000e+04	counts/cm
3066	35.4285	139.2049	0.0	1.00	1.000000e+04	counts/cm
3067	35.2671	139.6648	0.0	1.00	1.000000e+04	counts/cm
3069	35.4436	138.4452	0.0	1.00	1.000000e+04	counts/cm
3070	35.4966	138.8140	0.0	1.00	1.000000e+04	counts/cm
3071	35.3621	138.5634	0.0	1.00	1.000000e+04	counts/cm
3072	35.3055	138.7707	0.0	1.00	1.000000e+04	counts/cm
3073	35.2895	138.4457	0.0	1.00	1.000000e+04	counts/cm
3074	35.2010	138.2535	0.0	1.00	1.000000e+04	counts/cm
3075	35.2032	138.6170	0.0	1.00	1.000000e+04	counts/cm
3076	35.1736	138.7215	0.0	1.00	1.000000e+04	counts/cm
3077	35.0674	138.5247	0.0	1.00	1.000000e+04	counts/cm
3078	35.1035	138.3687	0.0	1.00	1.000000e+04	counts/cm
3079	35.1039	138.1349	0.0	1.00	1.000000e+04	counts/cm
3081	34.9905	138.3783	0.0	1.00	1.000000e+04	counts/cm
3084	35.0793	137.6952	0.0	1.00	1.000000e+04	counts/cm
3085	34.7761	138.7861	0.0	1.00	1.000000e+04	counts/cm
3086	34.6100	138.8384	0.0	1.00	1.000000e+04	counts/cm
3088	34.9398	138.0749	0.0	1.00	1.000000e+04	counts/cm
3089	34.8439	137.9321	0.0	1.00	1.000000e+04	counts/cm
3090	34.9413	137.8179	0.0	1.00	1.000000e+04	counts/cm
3091	34.7578	138.1369	0.0	1.00	1.000000e+04	counts/cm
3092	34.7383	138.2256	0.0	1.00	1.000000e+04	counts/cm
3093	34.7153	138.0535	0.0	1.00	1.000000e+04	counts/cm
3094	34.6429	138.1293	0.0	1.00	1.000000e+04	counts/cm
3095	34.6704	137.9374	0.0	1.00	1.000000e+04	counts/cm
3096	34.7554	137.9113	0.0	1.00	1.000000e+04	counts/cm
3097	34.7928	137.7918	0.0	1.00	1.000000e+04	counts/cm
3098	34.6719	137.8234	0.0	1.00	1.000000e+04	counts/cm
3099	34.9377	137.5755	0.0	1.00	1.000000e+04	counts/cm
3102	34.8648	137.4340	0.0	1.00	1.000000e+04	counts/cm
3103	34.8087	137.5543	0.0	1.00	1.000000e+04	counts/cm
3104	34.7181	137.5149	0.0	1.00	1.000000e+04	counts/cm
5105	35.0406	139.1710	0.0	1.00	1.000000e+04	counts/cm
5113	33.1200	139.7972	0.0	1.00	1.000000e+04	counts/cm
